 -0.0000    0.0000    0.0001    0.0001    0.0001    0.0001    0.0001   -0.0000   -0.0001   -0.0001   -0.0001   -0.0000



    0.0001    0.0001    0.0002    0.0001    0.0000   -0.0001   -0.0002   -0.0002   -0.0001    0.0000    0.0002    0.0003



    0.0003    0.0001   -0.0001   -0.0003   -0.0004   -0.0003   -0.0001    0.0003    0.0005    0.0005    0.0003   -0.0001



   -0.0005   -0.0007   -0.0006   -0.0003    0.0003    0.0007    0.0009    0.0007    0.0001   -0.0005   -0.0010   -0.0011



   -0.0006    0.0001    0.0009    0.0014    0.0012    0.0005   -0.0005   -0.0014   -0.0017   -0.0013   -0.0002    0.0010

 

    0.0019    0.0020    0.0012   -0.0002   -0.0017   -0.0024   -0.0022   -0.0009    0.0009    0.0024    0.0030    0.0022



    0.0003   -0.0018   -0.0033   -0.0034   -0.0020    0.0005    0.0029    0.0042    0.0037    0.0014   -0.0017   -0.0043

 

   -0.0051   -0.0037   -0.0005    0.0032    0.0057    0.0058    0.0033   -0.0010   -0.0052   -0.0073   -0.0063   -0.0023

 

    0.0031    0.0076    0.0090    0.0064    0.0006   -0.0060   -0.0105   -0.0105   -0.0058    0.0022    0.0100    0.0140

 

    0.0120    0.0041   -0.0067   -0.0158   -0.0187   -0.0132   -0.0007    0.0143    0.0251    0.0258    0.0142   -0.0071



   -0.0303   -0.0451   -0.0416   -0.0148    0.0338    0.0951    0.1552    0.1990    0.2150    0.1990    0.1552    0.0951



    0.0338   -0.0148   -0.0416   -0.0451   -0.0303   -0.0071    0.0142    0.0258    0.0251    0.0143   -0.0007   -0.0132



   -0.0187   -0.0158   -0.0067    0.0041    0.0120    0.0140    0.0100    0.0022   -0.0058   -0.0105   -0.0105   -0.0060



    0.0006    0.0064    0.0090    0.0076    0.0031   -0.0023   -0.0063   -0.0073   -0.0052   -0.0010    0.0033    0.0058

  

    0.0057    0.0032   -0.0005   -0.0037   -0.0051   -0.0043   -0.0017    0.0014    0.0037    0.0042    0.0029    0.0005

  

   -0.0020   -0.0034   -0.0033   -0.0018    0.0003    0.0022    0.0030    0.0024    0.0009   -0.0009   -0.0022   -0.0024



   -0.0017   -0.0002    0.0012    0.0020    0.0019    0.0010   -0.0002   -0.0013   -0.0017   -0.0014   -0.0005    0.0005

 

    0.0012    0.0014    0.0009    0.0001   -0.0006   -0.0011   -0.0010   -0.0005    0.0001    0.0007    0.0009    0.0007



    0.0003   -0.0003   -0.0006   -0.0007   -0.0005   -0.0001    0.0003    0.0005    0.0005    0.0003   -0.0001   -0.0003



   -0.0004   -0.0003   -0.0001    0.0001    0.0003    0.0003    0.0002    0.0000   -0.0001   -0.0002   -0.0002   -0.0001



    0.0000    0.0001    0.0002    0.0001    0.0001   -0.0000   -0.0001   -0.0001   -0.0001   -0.0000    0.0001    0.0001



    0.0001    0.0001    0.0001    0.0000   -0.0000

/* THESE ARE THE FIR FITER COEFFICIENTS*/
